000000000000000000000000000000000000000000000000
000101101011100100000000000000000000110110111001
010000011000000000001101101110011001001101001101
000000000000000010010011010011011111100001111010
000000000000000011111000011110100111010011000001
001101101011100101110100110000011110011001000111
010000011000000011100110010001110111011110011010
000000000000000001110111100110101011100010010100
000000000000000010111000100101001101001111001001
000011101011100111010011110010010110011000011001
010000011000000001100110000110011000011011111011
000000000000000010000110111110111011111000010100
000000000000000010111110000101001001110100000100
001011101011100110011101000001000101100010011001
010000011000000001011000100110010010010101010011
000000000000000000100101010100111110010000101111
000000000000000011100100001011111101101100101011
000111101011100111011011001010111010101101000011
010000011000000010101011010000110101011000010001
000000000000000001010110000100010011110011000011
000000000000000000111100110000110100110110101111
001111101011100101001101101011111100111001000010
010000011000000011001110010000101111001000110111
000000000000000011110010001101111011101110100000
000000000000000010111011101000001000110001111000
000000011011100110001100011110001100000011000011
010000011000000011000000110000111001011101110011
000000000000000010010111011100110001011000011001
000000000000000000010110000110010001010111010000
001000011011100100010101110100001101010010010111
010000011000000011010100100101110001001100010000