0000000000000000010000000000000000
0001011010111001100000110110111001
0100000110000000101001001101001101
0000000000000000101111100001111010
0000000000000000100111010011000001
0011011010111001101110011001000111
0100000110000000100111011110011010
0000000000000000101011100010010100
0000000000000000101101001111001001
0000111010111001100110011000011001
0100000110000000101000011011111011
0000000000000000101011111000010100
0000000000000000101001110100000100
0010111010111001100101100010011001
0100000110000000100010010101010011
0000000000000000101110010000101111
0000000000000000101101101100101011
0001111010111001101010101101000011
0100000110000000100101011000010001
0000000000000000100011110011000011
0000000000000000100100110110101111
0011111010111001101100111001000010
0100000110000000101111001000110111
0000000000000000101011101110100000
0000000000000000101000110001111000
0000000110111001101100000011000011
0100000110000000101001011101110011
0000000000000000100001011000011001
0000000000000000100001010111010000
0010000110111001101101010010010111
0100000110000000100001001100010000
0100000110000000010000000000000000