1000000000000000000000000000000000000000000
0100000000000000000000000000000000000000000
0100000000000000000000000000000000000000000
0100000000000000000000000000000000000000000
0100000000000000000000000000000000000000000
0100000000000000000000000000000000000000000
0100000000000000000000000000000000000000000
0100000000000000000000000000000000000000000
0100000000000000000000000000000000000000000
0100000000000000000000000000000000000000000
0100000000000000000000000000000000000000000
0100000000000000000000000000000000000000000
0100000000000000000000000000000000000000000
0100000000000000000000000000000000000000000
0100000000000000000000000000000000000000000
0100000000000000000000000000000000000000000
0100000000000000000000000000000000000000000
0100000000000000000000000000000000000000000
0100000000000000000000000000000000000000000
0100000000000000000000000000000000000000000
0100000000000000000000000000000000000000000
0100000000000000000000000000000000000000000
0100000000000000000000000000000000000000000
0100000000000000000000000000000000000000000
0100000000000000000000000000000000000000000
0100000000000000000000000000000000000000000
0100000000000000000000000000000000000000000
0100000000000000000000000000000000000000000
0100000000000000000000000000000000000000000
0100000000000000000000000000000000000000000
0100000000000000000000000000000000000000000
0100000000000000000000000000000000000000000
0100000000000000000000000000000000000000000
0100000000000000000000000000000000000000000
0100000000000000000000000000000000000000000
0100000000000000000000000000000000000000000
0100000000000000000000000000000000000000000
0100000000000000000000000000000000000000000
0100000000000000000000000000000000000000000
0100000000000000000000000000000000000000000
0100000000000000000000000000000000000000000
0100000000000000000000000000000000000000000
0100000000000000000000000000000000000000000
0100000000000000000000000000000000000000000
0100000000000000000000000000000000000000000
0100000000000000000000000000000000000000000
0100000000000000000000000000000000000000000
0100000000000000000000000000000000000000000
0100000000000000000000000000000000000000000
0100000000000000000000000000000000000000000
0100000000000000000000000000000000000000000
0100000000000000000000000000000000000000000
0100000000000000000000000000000000000000000
0100000000000000000000000000000000000000000
0100000000000000000000000000000000000000000
0100000000000000000000000000000000000000000
0100000000000000000000000000000000000000000
0100000000000000000000000000000000000000000
0100000000000000000000000000000000000000000
0100000000000000000000000000000000000000000
0100000000000000000000000000000000000000000
0100000000000000000000000000000000000000000
0100000000000000000000000000000000000000000
0100000000000000000000000000000000000000000
0100000000000000000000000000000000000000000
0100000000000000000000000000000000000000000
0100000000000000000000000000000000000000000
0100000000000000000000000000000000000000000
0100000000000000000000000000000000000000000
0100000000000000000000000000000000000000000
0100000000000000000000000000000000000000000
0100000000000000000000000000000000000000000
0100000000000000000000000000000000000000000
0100000000000000000000000000000000000000000
0100000000000000000000000000000000000000000
0100000000000000000000000000000000000000000
0100000000000000000000000000000000000000000
0100000000000000000000000000000000000000000
0100000000000000000000000000000000000000000
0100000000000000000000000000000000000000000
0100000000000000000000000000000000000000000
0100000000000000000000000000000000000000000
0100000000000000000000000000000000000000000
0100000000000000000000000000000000000000000
0100000000000000000000000000000000000000000
0100000000000000000000000000000000000000000
0100000000000000000000000000000000000000000
0100000000000000000000000000000000000000000
0100000000000000000000000000000000000000000
0100000000000000000000000000000000000000000
0100000000000000000000000000000000000000000
0100000000000000000000000000000000000000000
0100000000000000000000000000000000000000000
0100000000000000000000000000000000000000000
0100000000000000000000000000000000000000000
0100000000000000000000000000000000000000000
0100000000000000000000000000000000000000000
0100000000000000000000000000000000000000000
0100000000000000000000000000000000000000000
0100000000000000000000000000000000000000000
0100000000000000000000000000000000000000000
0100000000000000000000000000000000000000000
0100000000000000000000000000000000000000000
0100000000000000000000000000000000000000000
0100000000000000000000000000000000000000000
0100000000000000000000000000000000000000000
0100000000000000000000000000000000000000000
0100000000000000000000000000000000000000000
0100000000000000000000000000000000000000000
0100000000000000000000000000000000000000000
0100000000000000000000000000000000000000000
0100000000000000000000000000000000000000000
0100000000000000000000000000000000000000000
0100000000000000000000000000000000000000000
0100000000000000000000000000000000000000000
0100000000000000000000000000000000000000000
0100000000000000000000000000000000000000000
0100000000000000000000000000000000000000000
0100000000000000000000000000000000000000000
0100000000000000000000000000000000000000000
0100000000000000000000000000000000000000000
0100000000000000000000000000000000000000000
0100000000000000000000000000000000000000000
0100000000000000000000000000000000000000000
0100000000000000000000000000000000000000000
0100000000000000000000000000000000000000000
0100000000000000000000000000000000000000000
0100000000000000000000000000000000000000000
0100000000000000000000000000000000000000000
0100000000000000000000000000000000000000000
0100000000000000000000000000000000000000000
0100000000000000000000000000000000000000000
0100000000000000000000000000000000000000000
0100000000000000000000000000000000000000000
0100000000000000000000000000000000000000000
0100000000000000000000000000000000000000000
0100000000000000000000000000000000000000000
0100000000000000000000000000000000000000000
0100000000000000000000000000000000000000000
0100000000000000000000000000000000000000000
0100000000000000000000000000000000000000000
0100000000000000000000000000000000000000000
0100000000000000000000000000000000000000000
0100000000000000000000000000000000000000000
0100000000000000000000000000000000000000000
0100000000000000000000000000000000000000000
0100000000000000000000000000000000000000000
0100000000000000000000000000000000000000000
0100000000000000000000000000000000000000000
0100000000000000000000000000000000000000000
0100000000000000000000000000000000000000000
0100000000000000000000000000000000000000000
0100000000000000000000000000000000000000000
0100000000000000000000000000000000000000000
0100000000000000000000000000000000000000000
0100000000000000000000000000000000000000000
0100000000000000000000000000000000000000000
0100000000000000000000000000000000000000000
0100000000000000000000000000000000000000000
0100000000000000000000000000000000000000000
0100000000000000000000000000000000000000000
0100000000000000000000000000000000000000000
0100000000000000000000000000000000000000000
0100000000000000000000000000000000000000000
0100000000000000000000000000000000000000000
0100000000000000000000000000000000000000000
0100000000000000000000000000000000000000000
0100000000000000000000000000000000000000000
0100000000000000000000000000000000000000000
0100000000000000000000000000000000000000000
0100000000000000000000000000000000000000000
0100000000000000000000000000000000000000000
0100000000000000000000000000000000000000000
0100000000000000000000000000000000000000000
0100000000000000000000000000000000000000000
0100000000000000000000000000000000000000000
0100000000000000000000000000000000000000000
0100000000000000000000000000000000000000000
0100000000000000000000000000000000000000000
0100000000000000000000000000000000000000000
0100000000000000000000000000000000000000000
0100000000000000000000000000000000000000000
0100000000000000000000000000000000000000000
0100000000000000000000000000000000000000000
0100000000000000000000000000000000000000000
0100000000000000000000000000000000000000000
0100000000000000000000000000000000000000000
0100000000000000000000000000000000000000000
0100000000000000000000000000000000000000000
0100000000000000000000000000000000000000000
0100000000000000000000000000000000000000000
0100000000000000000000000000000000000000000
0100000000000000000000000000000000000000000
0100000000000000000000000000000000000000000
0100000000000000000000000000000000000000000
0100000000000000000000000000000000000000000
0100000000000000000000000000000000000000000
0100000000000000000000000000000000000000000
0100000000000000000000000000000000000000000
0100000000000000000000000000000000000000000
0100000000000000000000000000000000000000000
0100000000000000000000000000000000000000000
0100000000000000000000000000000000000000000
0100000000000000000000000000000000000000000
0100000000000000000000000000000000000000000
0100000000000000000000000000000000000000000
0100000000000000000000000000000000000000000
0100000000000000000000000000000000000000000
0100000000000000000000000000000000000000000
0100000000000000000000000000000000000000000
0100000000000000000000000000000000000000000
0100000000000000000000000000000000000000000
0100000000000000000000000000000000000000000
0100000000000000000000000000000000000000000
0100000000000000000000000000000000000000000
0100000000000000000000000000000000000000000
0100000000000000000000000000000000000000000
0100000000000000000000000000000000000000000
0100000000000000000000000000000000000000000
0100000000000000000000000000000000000000000
0100000000000000000000000000000000000000000
0100000000000000000000000000000000000000000
0100000000000000000000000000000000000000000
0100000000000000000000000000000000000000000
0100000000000000000000000000000000000000000
0100000000000000000000000000000000000000000
0100001011010111001000000000000000000000000
0100100000110000000000000000000000000000000
0100000000000000000000000000000000000000000
0100000000000000000000000000000000000000000
0100011011010111001000000000000000000000000
0100100000110000000000000000000000000000000
0100000000000000000000000000000000000000000
0100000000000000000000000000000000000000000
0100000111010111001000000000000000000000000
0100100000110000000000000000000000000000000
0100000000000000000000000000000000000000000
0100000000000000000000000000000000000000000
0100010111010111001000000000000000000000000
0100100000110000000000000000000000000000000
0100000000000000000000000000000000000000000
0100000000000000000000000000000000000000000
0100001111010111001000000000000000000000000
0100100000110000000000000000000000000000000
0100000000000000000000000000000000000000000
0100000000000000000000000000000000000000000
0100011111010111001000000000000000000000000
0100100000110000000000000000000000000000000
0100000000000000000000000000000000000000000
0100000000000000000000000000000000000000000
0100000000110111001000000000000000000000000
0100100000110000000000000000000000000000000
0100000000000000000000000000000000000000000
0100000000000000000000000000000000000000000
0100010000110111001000000000000000000000000
0100100000110000000000000000000000000000000
0101111001101110000000000000000000000000000
0101110101000001001000000000000000000000000
0101100110010101000000000000000000000000000
0100101111001010011000000000000000000000000
0101011000110101111000000000000000000000000
0100011100100000101000000000000000000000000
0101101111011111110000000000000000000000000
0100001101100101011000000000000000000000000
0101001101011101001000000000000000000000000
0100101010000110000000000000000000000000000
0101010100000001101000000000000000000000000
0101001100100100110000000000000000000000000
0100111010000001011000000000000000000000000
0100111011100110101000000000000000000000000
0100111000100000001000000000000000000000000
0100001000111001000000000000000000000000000
0100110001011101010000000000000000000000000
0100111101110111101000000000000000000000000
0101101100101101111000000000000000000000000
0100110001100100111000000000000000000000000
0100100100111011010000000000000000000000000
0100010010010111001000000000000000000000000
0101100000100001010000000000000000000000000
0100001110100010111000000000000000000000000
0100011111001100111000000000000000000000000
0101111011011111000000000000000000000000000
0101000001001101110000000000000000000000000
0101011010001011001000000000000000000000000
0100000000111101010000000000000000000000000
0100100111010011010000000000000000000000000
0100100000101000011000000000000000000000000
0100000110100100111000000000000000000000000
0100010101110110100000000000000000000000000
0100101011100111111000000000000000000000000
0100000110111001101000000000000000000000000
0101000110000000000000000000000000000000000
0100110011000100101000000000000000000000000
0101100001110110000000000000000000000000000
0100100100111110100000000000000000000000000
0100100101111011010000000000000000000000000
0100010100011010110000000000000000000000000
0100011001001001111000000000000000000000000
0100110010000001000000000000000000000000000
0101000000100111111000000000000000000000000
0100010011110010100000000000000000000000000
0100011011101110110000000000000000000000000
0101101001001101110000000000000000000000000
0101011000001110110000000000000000000000000
0101111010111100011000000000000000000000000
0101010100001111011000000000000000000000000
0100001101101100001000000000000000000000000
0100010111000110001000000000000000000000000
0100101001010010100000000000000000000000000
0101011100010111001000000000000000000000000
0101001100000100111000000000000000000000000
0100000101000011100000000000000000000000000
0101101011100010111000000000000000000000000
0101100001111110011000000000000000000000000
0101011010010111111000000000000000000000000
0101000010100001110000000000000000000000000
0101011110111001011000000000000000000000000
0100010010110100111000000000000000000000000
0100100000011010011000000000000000000000000
0101101101111110011000000000000000000000000
0100110100101101110000000000000000000000000
0100111101101100000000000000000000000000000
0100011100100000001000000000000000000000000
0101001000000000010000000000000000000000000
0101111100000011100000000000000000000000000
0101111000010001010000000000000000000000000
0100000100110010010000000000000000000000000
0100010110011101101000000000000000000000000
0100101011001100011000000000000000000000000
0100100010010100100000000000000000000000000
0101101110001110100000000000000000000000000
0100010010000011001000000000000000000000000
0100101101001101101000000000000000000000000
0100111101010111111000000000000000000000000
0100110110111101100000000000000000000000000
0100010001111110100000000000000000000000000
0101110011101011110000000000000000000000000
0100110000010100100000000000000000000000000
0100011111000010001000000000000000000000000
0101101001100000111000000000000000000000000
0100101000000011110000000000000000000000000
0101110111101111111000000000000000000000000
0100001101101001111000000000000000000000000
0100010011100011010000000000000000000000000
0100010101001011101000000000000000000000000
0100001010101110101000000000000000000000000
0101110011110010101000000000000000000000000
0100011100001111000000000000000000000000000
0101011100111111111000000000000000000000000
0100101111111001010000000000000000000000000
0100010001111011101000000000000000000000000
0100101101100101010000000000000000000000000
0101100100111001010000000000000000000000000
0100001110100111110000000000000000000000000
0101010000100110010000000000000000000000000
0100111001000111011000000000000000000000000
0100111101010011110000000000000000000000000
0100111110001011001000000000000000000000000
0100100101000000011000000000000000000000000
0100011111000111011000000000000000000000000
0101111001010101100000000000000000000000000
0100100011100110100000000000000000000000000
0100100000001000101000000000000000000000000
0101011111110111011000000000000000000000000
0101100011111000101000000000000000000000000
0101101110011110111000000000000000000000000
0101011101011100101000000000000000000000000
0101000111110011110000000000000000000000000
0100011001100011011000000000000000000000000
0100001101111010011000000000000000000000000
0101111111010111100000000000000000000000000
0100101101011101111000000000000000000000000
0101000111010111110000000000000000000000000
0100010011111100001000000000000000000000000
0101111010100101000000000000000000000000000
0100111011110011101000000000000000000000000
0100001100110111111000000000000000000000000
0100010101010000001000000000000000000000000
0100110011100011110000000000000000000000000
0100100000110010001000000000000000000000000
0101011001110110110000000000000000000000000
0101001101101010001000000000000000000000000
0101100011010010111000000000000000000000000
0100111011110111000000000000000000000000000
0100001111010100001000000000000000000000000
0101110100100110101000000000000000000000000
0101001100100001110000000000000000000000000
0101101011100000101000000000000000000000000
0100011000011100110000000000000000000000000
0100111110011110000000000000000000000000000
0101101011000101101000000000000000000000000
0101011001000110101000000000000000000000000
0101000001100000110000000000000000000000000
0101111001111001111000000000000000000000000
0101100111011001100000000000000000000000000
0100101011111110111000000000000000000000000
0100100010001111011000000000000000000000000
0100011010010111111000000000000000000000000
0101010001011100000000000000000000000000000
0101100000100100000000000000000000000000000
0100101110111110111000000000000000000000000
0100001011010011101000000000000000000000000
0101100001110100011000000000000000000000000
0101000100111100010000000000000000000000000
0101011010111001000000000000000000000000000
0100111100011111101000000000000000000000000
0101101010100011011000000000000000000000000
0101110000011101100000000000000000000000000
0101000110111010110000000000000000000000000
0101000101110000001000000000000000000000000
0100101001000111011000000000000000000000000
0100000110011011000000000000000000000000000
0101010100011010100000000000000000000000000
0101111111110101101000000000000000000000000
0101101001100010001000000000000000000000000
0100010001001010011000000000000000000000000
0100111100110010110000000000000000000000000
0101011000110110001000000000000000000000000
0100010001101000101000000000000000000000000
0100100010010110101000000000000000000000000
0100111011100000000000000000000000000000000
0101110011010010000000000000000000000000000
0100101101110110001000000000000000000000000
0100010011010001100000000000000000000000000
0101010001011011100000000000000000000000000
0100011111111000011000000000000000000000000
0100111110011111110000000000000000000000000
0100101111100010000000000000000000000000000
0101111000011100100000000000000000000000000
0101011010001111010000000000000000000000000
0101111000101101110000000000000000000000000
0100001110010000011000000000000000000000000
0100010110001000110000000000000000000000000
0100010110110011000000000000000000000000000
0100001011100101110000000000000000000000000
0101001011000001101000000000000000000000000
0100111101100110000000000000000000000000000
0100110100101110110000000000000000000000000
0100000101010010100000000000000000000000000
0100001000100110000000000000000000000000000
0101011100010001010000000000000000000000000
0100100100111111011000000000000000000000000
0101110011001110010000000000000000000000000
0101111101011110000000000000000000000000000
0101111011110110100000000000000000000000000
0100010110001101011000000000000000000000000
0100110011010000000000000000000000000000000
0100010011111100001000000000000000000000000
0101101010000011111000000000000000000000000
0100011011101001010000000000000000000000000
0101111001011011111000000000000000000000000
0100101110100010100000000000000000000000000
0100010011010111010000000000000000000000000
0100110000100111100000000000000000000000000
0101100010100011001000000000000000000000000
0100001100010111110000000000000000000000000
0100110011010010101000000000000000000000000
0100100110110101001000000000000000000000000
0101111010000100000000000000000000000000000
0100110111111000101000000000000000000000000
0101100000111111000000000000000000000000000
0101010010100111010000000000000000000000000
0100101111000000001000000000000000000000000
0101001011110100001000000000000000000000000
0101111001000110101000000000000000000000000
0101001100000110000000000000000000000000000
0100110010010011000000000000000000000000000
0101001101011000100000000000000000000000000
0100010110010110000000000000000000000000000
0100001101100010010000000000000000000000000
0100000100101000111000000000000000000000000
0101010110001101000000000000000000000000000
0100100111101010010000000000000000000000000
0100101011011111110000000000000000000000000
0100010111000000110000000000000000000000000
0101001100101010111000000000000000000000000
0100001000011011100000000000000000000000000
0100001111101001011000000000000000000000000
0101101111010010010000000000000000000000000
0100110011100000110000000000000000000000000
0101000011101011110000000000000000000000000
0100011101110111111000000000000000000000000
0100011011100000011000000000000000000000000
0100001010001101110000000000000000000000000
0101101110011111101000000000000000000000000
0101000110100111010000000000000000000000000
0101010010000001010000000000000000000000000
0100001000101101100000000000000000000000000
0100110010010101110000000000000000000000000
0100100111100010000000000000000000000000000
0101111011110010010000000000000000000000000
0100000100000001010000000000000000000000000
0101001100101110100000000000000000000000000
0101001100111010011000000000000000000000000
0100000101000010111000000000000000000000000
0101010110011001101000000000000000000000000
0100001101111010110000000000000000000000000
0101101000011100110000000000000000000000000
0101100101100001011000000000000000000000000
0101100100100011011000000000000000000000000
0101001000101001100000000000000000000000000
0101101101000000011000000000000000000000000
0101011001110000100000000000000000000000000
0101111110110000010000000000000000000000000
0100100101111100000000000000000000000000000
0101010111101100000000000000000000000000000
0100100010110100000000000000000000000000000
0100001011011011100000000000000000000000000
0100110000111111110000000000000000000000000
0100111011110000111000000000000000000000000
0100000101110110100000000000000000000000000
0101010010001001100000000000000000000000000
0101011011100011111000000000000000000000000
0101001001010110100000000000000000000000000
0101011100110001100000000000000000000000000
0100100011100001000000000000000000000000000
0100110010101001111000000000000000000000000
0100011101110010111000000000000000000000000
0100110101000000101000000000000000000000000
0100010001010010101000000000000000000000000
0101001000001110100000000000000000000000000
0100010001001001101000000000000000000000000
0100011110001110111000000000000000000000000
0101100000001000110000000000000000000000000
0100011000111100010000000000000000000000000
0101001001010100100000000000000000000000000
0100001100000011111000000000000000000000000
0100011100000000000000000000000000000000000
0101111101000010010000000000000000000000000
0100010001111111011000000000000000000000000
0101110000100011000000000000000000000000000
0101011101101101001000000000000000000000000
0100010011001001110000000000000000000000000
0101100010111110000000000000000000000000000
0101001010010001000000000000000000000000000
0101111000001001101000000000000000000000000
0100100011000111000000000000000000000000000
0101000110011011111000000000000000000000000
0100110011101000001000000000000000000000000
0100101100001100011000000000000000000000000
0100100001111100011000000000000000000000000
0101001101011111110000000000000000000000000
0100001111010001100000000000000000000000000
0101111100001010011000000000000000000000000
0101100000000110111000000000000000000000000
0101010010000111101000000000000000000000000
0100001111101111110000000000000000000000000
0100011110010000010000000000000000000000000
0100101101100000111000000000000000000000000
0101111011001101111000000000000000000000000
0100000010100111101000000000000000000000000
0100111000001001111000000000000000000000000
0101010011111111000000000000000000000000000
0101100000010101001000000000000000000000000
0101011001101110100000000000000000000000000
0100101010010111111000000000000000000000000
0100101011011000011000000000000000000000000
0101000010010111010000000000000000000000000
0101111100001110110000000000000000000000000
0101100010011000100000000000000000000000000
0101110100101000110000000000000000000000000
0101111010111000111000000000000000000000000
0101110111110010111000000000000000000000000
0101010010101110100000000000000000000000000
0101011001011000110000000000000000000000000
0101100011100101001000000000000000000000000
0101110011000010100000000000000000000000000
0101011000010111000000000000000000000000000
0100111100111000101000000000000000000000000
0101010001111101011000000000000000000000000
0101001101111101001000000000000000000000000
0100100101000100000000000000000000000000000
0100110000110001001000000000000000000000000
0101101100010000111000000000000000000000000
0100010100011010001000000000000000000000000
0101110011001001011000000000000000000000000
0101100101111100100000000000000000000000000
0100100010001010011000000000000000000000000
0101010011011001001000000000000000000000000
0101110110101111100000000000000000000000000
0101111100101010111000000000000000000000000
0101010100011010101000000000000000000000000
0101110100000010111000000000000000000000000
0101111101110100000000000000000000000000000
0100000010111101001000000000000000000000000
0100000101101101111000000000000000000000000
0100001110101001000000000000000000000000000
0100001100100110011000000000000000000000000
0100001010000000011000000000000000000000000
0100001010100010110000000000000000000000000
0101000101000100100000000000000000000000000
0100011101110110001000000000000000000000000
0101111111011001111000000000000000000000000
0100011111000001111000000000000000000000000
0100100001100100000000000000000000000000000
0100110011110110000000000000000000000000000
0101111001111110110000000000000000000000000
0100110010110011111000000000000000000000000
0101111101111010100000000000000000000000000
0101110100111000000000000000000000000000000
0101001010000110011000000000000000000000000
0100111000000101001000000000000000000000000
0101011010011110001000000000000000000000000
0100000000100101010000000000000000000000000
0100000000101111110000000000000000000000000
0100000001010001101000000000000000000000000
0100110010101100111000000000000000000000000
0100101010100110011000000000000000000000000
0100011101111101010000000000000000000000000
0100001101101101100000000000000000000000000
0101001100111010001000000000000000000000000
0100110100101100100000000000000000000000000
0100100011011001110000000000000000000000000
0101011101101011001000000000000000000000000
0100111110010110011000000000000000000000000
0100101011001111111000000000000000000000000
0101000100010110000000000000000000000000000
0100110010111001101000000000000000000000000
0100010011010000010000000000000000000000000
0100010010011010100000000000000000000000000
0100001111001110011000000000000000000000000
0100001111000010100000000000000000000000000
0101100011010110011000000000000000000000000
0101010000001010010000000000000000000000000
0100110011001101101000000000000000000000000
0101111100000110110000000000000000000000000
0101100001010100100000000000000000000000000
0100001011110100111000000000000000000000000
0100100110010110111000000000000000000000000
0101011101100010011000000000000000000000000
0100101101001010110000000000000000000000000
0101011000101110111000000000000000000000000
0101111100111110110000000000000000000000000
0100001001010001100000000000000000000000000
0100011111101010010000000000000000000000000
0101111011110010110000000000000000000000000
0100100110101111101000000000000000000000000
0101001101000101011000000000000000000000000
0100001010110011010000000000000000000000000
0101000101111110010000000000000000000000000
0101011101101001111000000000000000000000000
0100100010101111100000000000000000000000000
0101100101010110101000000000000000000000000
0101010110000101110000000000000000000000000
0100010001001111101000000000000000000000000
0100000101111010011000000000000000000000000
0101001010111010001000000000000000000000000
0101001101011011101000000000000000000000000
0100001010000111011000000000000000000000000
0100110011111010110000000000000000000000000
0101100000011010111000000000000000000000000
0101110101110001000000000000000000000000000
0100001000011111001000000000000000000000000
0101000101110011011000000000000000000000000
0100011101011000010000000000000000000000000
0100110111100000100000000000000000000000000
0100101101000011100000000000000000000000000
0100111001010010101000000000000000000000000
0100100100101001011000000000000000000000000
0100100101110101111000000000000000000000000
0101101011010000000000000000000000000000000
0101101111011111100000000000000000000000000
0101111011000111001000000000000000000000000
0100010110010101110000000000000000000000000
0101111001001001111000000000000000000000000
0100100011110000011000000000000000000000000
0100000100010000010000000000000000000000000
0100101011101110101000000000000000000000000
0100000001000110111000000000000000000000000
0100011000000011001000000000000000000000000
0101111110100111101000000000000000000000000
0100111001100100110000000000000000000000000
0100011100011100101000000000000000000000000
0100001001010000100000000000000000000000000
0101100111000001100000000000000000000000000
0101001110111101010000000000000000000000000
0101000000010100100000000000000000000000000
0101100000001111110000000000000000000000000
0100101100111010010000000000000000000000000
0101100000101001100000000000000000000000000
0101011011010110011000000000000000000000000
0101001011000100010000000000000000000000000
0101101010001010011000000000000000000000000
0101111100011011000000000000000000000000000
0100010100010001011000000000000000000000000
0100010100111111011000000000000000000000000
0100110000000110011000000000000000000000000
0101101100101100111000000000000000000000000
0101001000011101100000000000000000000000000
0100000110000110111000000000000000000000000
0101000111101100000000000000000000000000000
0101011101100011111000000000000000000000000
0101100100000100110000000000000000000000000
0100110101100101000000000000000000000000000
0101101001000000011000000000000000000000000
0101011000111110001000000000000000000000000
0101000011010011110000000000000000000000000
0100100011010100101000000000000000000000000
0101001111000010100000000000000000000000000
0101011001000010011000000000000000000000000
0100001101000100110000000000000000000000000
0101101011110011110000000000000000000000000
0101010011001100011000000000000000000000000
0101011110111111111000000000000000000000000
0101001111110111011000000000000000000000000
0101101010010000010000000000000000000000000
0100100010001011101000000000000000000000000
0101100011000100110000000000000000000000000
0101001011110111110000000000000000000000000
0101100011100101110000000000000000000000000
0100111000001110010000000000000000000000000
0100101000110010110000000000000000000000000
0100110011101110001000000000000000000000000
0100000000001001000000000000000000000000000
0100000111000110011000000000000000000000000
0100000001111011110000000000000000000000000
0101011011110110000000000000000000000000000
0101011010000010101000000000000000000000000
0100100010000010011000000000000000000000000
0100101000001001100000000000000000000000000
0100011111110111100000000000000000000000000
0100101011111110100000000000000000000000000
0100010010101100110000000000000000000000000
0101010001001011110000000000000000000000000
0100111010000001000000000000000000000000000
0101010001111111011000000000000000000000000
0101101011111111001000000000000000000000000
0100100111100101110000000000000000000000000
0101110110101101000000000000000000000000000
0100010110110101010000000000000000000000000
0100110001000001101000000000000000000000000
0100100001100010001000000000000000000000000
0100100010100011001000000000000000000000000
0101011110011000001000000000000000000000000
0100100110011110011000000000000000000000000
0101000110101000101000000000000000000000000
0101101011100011110000000000000000000000000
0101101001101101000000000000000000000000000
0100111100011101101000000000000000000000000
0100011000100010001000000000000000000000000
0101000100101110110000000000000000000000000
0100110011100010000000000000000000000000000
0100100001001100110000000000000000000000000
0101111101001111011000000000000000000000000
0100011110100100000000000000000000000000000
0101100000001010111000000000000000000000000
0101111011011100100000000000000000000000000
0101000100100010100000000000000000000000000
0101100001110100101000000000000000000000000
0101010000000011000000000000000000000000000
0101010101001010000000000000000000000000000
0101001101100001001000000000000000000000000
0101101011011001000000000000000000000000000
0100110101101101101000000000000000000000000
0101101000010111111000000000000000000000000
0101100001101000101000000000000000000000000
0100000001011001101000000000000000000000000
0101111110010001000000000000000000000000000
0100101001100000000000000000000000000000000
0101101111101010010000000000000000000000000
0100111001111101111000000000000000000000000
0101111000001010110000000000000000000000000
0101010111111111010000000000000000000000000
0101001000011101010000000000000000000000000
0100101110011010001000000000000000000000000
0101110010100111100000000000000000000000000
0100111110100101011000000000000000000000000
0101110000101001111000000000000000000000000
0100110000110101010000000000000000000000000
0100100110101111001000000000000000000000000
0101101010110111000000000000000000000000000
0100011110111011111000000000000000000000000
0100011000110011100000000000000000000000000
0100000001010000111000000000000000000000000
0100110111110000101000000000000000000000000
0100011110111100011000000000000000000000000
0101001011011011101000000000000000000000000
0101011001110101101000000000000000000000000
0101010110000011101000000000000000000000000
0100010101001010111000000000000000000000000
0100011111010101000000000000000000000000000
0101101000001001010000000000000000000000000
0100011110101111100000000000000000000000000
0101010001000001110000000000000000000000000
0101101011101000001000000000000000000000000
0101111101110001110000000000000000000000000
0100000110010000111000000000000000000000000
0101011101111100001000000000000000000000000
0100010011101110010000000000000000000000000
0100110100001000100000000000000000000000000
0101101010110111110000000000000000000000000
0100011110001000110000000000000000000000000
0100110011110000111000000000000000000000000
0100101000001011100000000000000000000000000
0101110101100101101000000000000000000000000
0101001000010110101000000000000000000000000
0100011100110100111000000000000000000000000
0100010010111100000000000000000000000000000
0100101001011100111000000000000000000000000
0100100010000001011000000000000000000000000
0100000001111000111000000000000000000000000
0101001010011000110000000000000000000000000
0101100011110010110000000000000000000000000
0101010010100000100000000000000000000000000
0101011011100011010000000000000000000000000
0101110010110101101000000000000000000000000
0101010010101100000000000000000000000000000
0101110100010010100000000000000000000000000
0101100001101100011000000000000000000000000
0100101000111011010000000000000000000000000
0100101101111110000000000000000000000000000
0101101111111111001000000000000000000000000
0100001100111010011000000000000000000000000
0101011101010010101000000000000000000000000
0100000010000100001000000000000000000000000
0101000000010010100000000000000000000000000
0101011101001010010000000000000000000000000
0101101111111111010000000000000000000000000
0101101111011111111000000000000000000000000
0101010110101001011000000000000000000000000
0100111000101110000000000000000000000000000
0100010110001000111000000000000000000000000
0100100110001000010000000000000000000000000
0101101110010000011000000000000000000000000
0100001000110010101000000000000000000000000
0101001110011100000000000000000000000000000
0100110101111010111000000000000000000000000
0100010100010110011000000000000000000000000
0101100010101000101000000000000000000000000
0101110001001111111000000000000000000000000
0100101001011011111000000000000000000000000
0101100100010110101000000000000000000000000
0101001011000010000000000000000000000000000
0100011101010111110000000000000000000000000
0100101000101001010000000000000000000000000
0100101001010101000000000000000000000000000
0101110111010101110000000000000000000000000
0101001000101011001000000000000000000000000
0101010100000110100000000000000000000000000
0101100101001110100000000000000000000000000
0101100110101110101000000000000000000000000
0100011011000101001000000000000000000000000
0101101101010100111000000000000000000000000
0101001001110000111000000000000000000000000
0101001001001011101000000000000000000000000
0100000001010110010000000000000000000000000
0101000110011110010000000000000000000000000
0100111001110110010000000000000000000000000
0101000111101101100000000000000000000000000
0100000110110111110000000000000000000000000
0100110010000110100000000000000000000000000
0101010110111111000000000000000000000000000
0101001111001001011000000000000000000000000
0101111011101101011000000000000000000000000
0101101011011010001000000000000000000000000
0100011001010011110000000000000000000000000
0101101111111100000000000000000000000000000
0101101001101000000000000000000000000000000
0101111111100010101000000000000000000000000
0101001011110000111000000000000000000000000
0101100110010110010000000000000000000000000
0101101000110101010000000000000000000000000
0101010000111000001000000000000000000000000
0101001001111111110000000000000000000000000
0100100011001011100000000000000000000000000
0101111011100100101000000000000000000000000
0100101110110010111000000000000000000000000
0100011100111000110000000000000000000000000
0101000101001001001000000000000000000000000
0100011001100110010000000000000000000000000
0101110101110101110000000000000000000000000
0100001101001110001000000000000000000000000
0100000100100010111000000000000000000000000
0101101100000000100000000000000000000000000
0101110101100000111000000000000000000000000
0101101011111010100000000000000000000000000
0101000110001010011000000000000000000000000
0101101100100001101000000000000000000000000
0101001100011110100000000000000000000000000
0101110100110011110000000000000000000000000
0101100010111010001000000000000000000000000
0100100110010000000000000000000000000000000
0101111110100101101000000000000000000000000
0101011011101011000000000000000000000000000
0101111010001000111000000000000000000000000
0101010101001010010000000000000000000000000
0101111110000000101000000000000000000000000
0100000000100100010000000000000000000000000
0100110101001110111000000000000000000000000
0101100111101000000000000000000000000000000
0100111010100101111000000000000000000000000
0100101110110001000000000000000000000000000
0100100101010101111000000000000000000000000
0101001100100110000000000000000000000000000
0100111000000011100000000000000000000000000
0100001000101111011000000000000000000000000
0100110010000111001000000000000000000000000
0100010110010011011000000000000000000000000
0100011111001100010000000000000000000000000
0100111100100000101000000000000000000000000
0101010011000011010000000000000000000000000
0100101000111100011000000000000000000000000
0101101101101111101000000000000000000000000
0100001111010000111000000000000000000000000
0101000011100011110000000000000000000000000
0100100011011111111000000000000000000000000
0101110000100001001000000000000000000000000
0100001101101110000000000000000000000000000
0101001110100010100000000000000000000000000
0100001000010001100000000000000000000000000
0101101101001010101000000000000000000000000
0101010101101000010000000000000000000000000
0101101111111000101000000000000000000000000
0100011010000001010000000000000000000000000
0100011101101001101000000000000000000000000
0100010011101110101000000000000000000000000
0101100000001100101000000000000000000000000
0101100100101001011000000000000000000000000
0100010101110010100000000000000000000000000
0101011100001000010000000000000000000000000
0101100000001111111000000000000000000000000
0100001111100010111000000000000000000000000
0101010000100110001000000000000000000000000
0101011111000111100000000000000000000000000
0100001100010010011000000000000000000000000
0101001000101101101000000000000000000000000
0100110001001110111000000000000000000000000
0101010001011110001000000000000000000000000
0101001111110011110000000000000000000000000
0101001111011111111000000000000000000000000
0100001101001101000000000000000000000000000
0100010010011100110000000000000000000000000
0100110000000010010000000000000000000000000
0101100011101110110000000000000000000000000
0101111101000010000000000000000000000000000
0101000111110110110000000000000000000000000
0100001010100000010000000000000000000000000
0101010010101011110000000000000000000000000
0100000001101000001000000000000000000000000
0101110100110011001000000000000000000000000
0101101001011011111000000000000000000000000
0101010011011011010000000000000000000000000
0101000011011011110000000000000000000000000
0100111101100110011000000000000000000000000
0100011001011000110000000000000000000000000
0101100010010010010000000000000000000000000
0101000010111010101000000000000000000000000
0101001010000110011000000000000000000000000
0100001110100110011000000000000000000000000
0101101110001100110000000000000000000000000
0100111101100000110000000000000000000000000
0100110001110001101000000000000000000000000
0100101110010000100000000000000000000000000
0101001110110001001000000000000000000000000
0100011000000110110000000000000000000000000
0101011111000100010000000000000000000000000
0100010001111100110000000000000000000000000
0100110011100110011000000000000000000000000
0101110110000111100000000000000000000000000
0101000010011010110000000000000000000000000
0101101001010111101000000000000000000000000
0100100111110100010000000000000000000000000
0101101000100110100000000000000000000000000
0100110101100100000000000000000000000000000
0100000101101111000000000000000000000000000
0101011010000100100000000000000000000000000
0100101000100011101000000000000000000000000
0101100110010010100000000000000000000000000
0100000001110111100000000000000000000000000
0101101010100110100000000000000000000000000
0101101011100000110000000000000000000000000
0101100001100111101000000000000000000000000
0101000000000100101000000000000000000000000
0100011000101110000000000000000000000000000
0100000000000000010000000000000000000000000
0100001000101001100000000000000000000000000
0101001100111001010000000000000000000000000
0100101000100010100000000000000000000000000
0101100010100101011000000000000000000000000
0101011111101100100000000000000000000000000
0100111010001000010000000000000000000000000
0100110001010010010000000000000000000000000
0100100000100100011000000000000000000000000
0101001001000111101000000000000000000000000
0100101101110111010000000000000000000000000
0101110101000001110000000000000000000000000
0100010100100101000000000000000000000000000
0101001110100010011000000000000000000000000
0101101010101010100000000000000000000000000
0100000001000010110000000000000000000000000
0101010110011111011000000000000000000000000
0100011000100111111000000000000000000000000
0101001011010011000000000000000000000000000
0100001010000110101000000000000000000000000
0101100101000010100000000000000000000000000
0100000110100001000000000000000000000000000
0101001001000101110000000000000000000000000
0101001010010001000000000000000000000000000
0101100011001001000000000000000000000000000
0101001110110100011000000000000000000000000
0100111010100010001000000000000000000000000
0101100011001110001000000000000000000000000
0101110011000010001000000000000000000000000
0100001111000111000000000000000000000000000
0100111001101011100000000000000000000000000
0100001010010111001000000000000000000000000
0101010001100001101000000000000000000000000
0100001011010010100000000000000000000000000
0101101001010011000000000000000000000000000
0101111100000001001000000000000000000000000
0100111100111010011000000000000000000000000
0101111011001100001000000000000000000000000
0101001101111100000000000000000000000000000
0100111111011001001000000000000000000000000
0100110011100010011000000000000000000000000
0101101110000100100000000000000000000000000
0101011000100010000000000000000000000000000
0100101000111010011000000000000000000000000
0100001011111010000000000000000000000000000
0100101011110010011000000000000000000000000
0101000010100000010000000000000000000000000
0101010000110000010000000000000000000000000
0101010000010010001000000000000000000000000
0100111111011011010000000000000000000000000
0100101111111010101000000000000000000000000
0100111010001000100000000000000000000000000
0101010000010100101000000000000000000000000
0100101101010100100000000000000000000000000
0101111010011000111000000000000000000000000
0100000100101100101000000000000000000000000
0101001100111010010000000000000000000000000
0100110000010011101000000000000000000000000
0101011010110110111000000000000000000000000
0101111110011100101000000000000000000000000
0100111111000000110000000000000000000000000
0100010001110010110000000000000000000000000
0101001101011010001000000000000000000000000
0100100001010001010000000000000000000000000
0100011000110011010000000000000000000000000
0100000111100101101000000000000000000000000
0100111011101110100000000000000000000000000
0100111101100101101000000000000000000000000
0100011111100100100000000000000000000000000
0100101101111010001000000000000000000000000
0101100100110101101000000000000000000000000
0101111010011101101000000000000000000000000
0101010101100000110000000000000000000000000
0101001010111110100000000000000000000000000
0101101011101010101000000000000000000000000
0101111100001111101000000000000000000000000
0100101110111111111000000000000000000000000
0100101011111010010000000000000000000000000
0100000011100100011000000000000000000000000
0100010111000011111000000000000000000000000
0101110001111110111000000000000000000000000
0101100000100011011000000000000000000000000
0101011111011000100000000000000000000000000
0101010000011101111000000000000000000000000
0100111100110110110000000000000000000000000
0101011001011001001000000000000000000000000
0100000000011101111000000000000000000000000
0101100101000000100000000000000000000000000
0101111000101010111000000000000000000000000
0101001001111010100000000000000000000000000
0100010011111100000000000000000000000000000
0101010010101000011000000000000000000000000
0100100100000010101000000000000000000000000
0101110100000000100000000000000000000000000
0101010011010011110000000000000000000000000
0100110111000100100000000000000000000000000
0100000111110011100000000000000000000000000
0100010100110110100000000000000000000000000
0101010111010001011000000000000000000000000
0101100110000100000000000000000000000000000
0100011011101111010000000000000000000000000
0100011110010010011000000000000000000000000
0100100100101011100000000000000000000000000
0101100001010111111000000000000000000000000
0100000001011110001000000000000000000000000
0101110100011100001000000000000000000000000
0101101011111010111000000000000000000000000
0101101001101001100000000000000000000000000
0100111001011100111000000000000000000000000
0101010100111000110000000000000000000000000
0100101001000001110000000000000000000000000
0101000000000000011000000000000000000000000
0100101000010101001000000000000000000000000
0101111011101010011000000000000000000000000
0101101110000011001000000000000000000000000
0101110011010000010000000000000000000000000
0100101111101010011000000000000000000000000
0100011000011010101000000000000000000000000
0100011110100110001000000000000000000000000
0101111001111111101000000000000000000000000
0100000000001101011000000000000000000000000
0100001111010100011000000000000000000000000
0101101011101110111000000000000000000000000
0100110101011001100000000000000000000000000
0100000010010010000000000000000000000000000
0101111000111011001000000000000000000000000
0101101101101110111000000000000000000000000
0101000101000110001000000000000000000000000
0100101100011001101000000000000000000000000
0101011110100000000000000000000000000000000
0101110110111000010000000000000000000000000
0100001111001001000000000000000000000000000
0100010001000101010000000000000000000000000
0100001011110110101000000000000000000000000
0100010000100111000000000000000000000000000
0100110110000110111000000000000000000000000
0101101011101110111000000000000000000000000
0101011101111011001000000000000000000000000
0100000101011011010000000000000000000000000
0100001110010010101000000000000000000000000
0101101101100100100000000000000000000000000
0101010111000011111000000000000000000000000
0100001000010001111000000000000000000000000
0100101111111101010000000000000000000000000
0101001110001000010000000000000000000000000
0101101110011010000000000000000000000000000
0101111101000110011000000000000000000000000
0101010110011000110000000000000000000000000
0100101111000111110000000000000000000000000
0100011101110110110000000000000000000000000
0100001101000001000000000000000000000000000
0101010000101010110000000000000000000000000
0100001111010101010000000000000000000000000
0100110101010110110000000000000000000000000
0101000011010001100000000000000000000000000
0101011011100100011000000000000000000000000
0101000100010110010000000000000000000000000
0101000000101101001000000000000000000000000
0100001111111001011000000000000000000000000
0101101110100011100000000000000000000000000
0101010100110101111000000000000000000000000
0101111011111101100000000000000000000000000
0101000101101011011000000000000000000000000
0101010100000001000000000000000000000000000
0101100101101100011000000000000000000000000
0100011011011010110000000000000000000000000
0100011110100110011000000000000000000000000
0100000111001010111000000000000000000000000
0100110001101000100000000000000000000000000
0100010100111000000000000000000000000000000
0101001110001001111000000000000000000000000
0100000011010111111000000000000000000000000
0100111000010000100000000000000000000000000
0100000001110011111000000000000000000000000
0100001001101000101000000000000000000000000
0100100010110001101000000000000000000000000
0100000000110011111000000000000000000000000
0101010100010011101000000000000000000000000
0101101100110100111000000000000000000000000
0100101011101101001000000000000000000000000
0101010101011011011000000000000000000000000
0101100101001010010000000000000000000000000
0101001101011010101000000000000000000000000
0101110111100101010000000000000000000000000
0100111110000011111000000000000000000000000
0101111011110101001000000000000000000000000
0101101100010011111000000000000000000000000
0101011100100001111000000000000000000000000
0101110000100011100000000000000000000000000
0100111001111000001000000000000000000000000
0101011010001010011000000000000000000000000
0100010010011011011000000000000000000000000
0100001111000111001000000000000000000000000
0101110101110100110000000000000000000000000
0101010001010011010000000000000000000000000
0100011101011110100000000000000000000000000
0100001101010000000000000000000000000000000
0100001011111101110000000000000000000000000
0101000010001011111000000000000000000000000
0100110101000101000000000000000000000000000
0101101111011110111000000000000000000000000
0101011100000111100000000000000000000000000
0101111100000100001000000000000000000000000
0101010000011110000000000000000000000000000
0101111010010101010000000000000000000000000
0101000111001001010000000000000000000000000
0100100110100001010000000000000000000000000
0100111011111001101000000000000000000000000
0100111100111000101000000000000000000000000
0100100110111010110000000000000000000000000
0100111110010110001000000000000000000000000
0101011010011111011000000000000000000000000
0101111100000010110000000000000000000000000
0101001101100100111000000000000000000000000
0100111000111101111000000000000000000000000
0100000101010011011000000000000000000000000
0101000110111111110000000000000000000000000
0101011010011100110000000000000000000000000
0101101110011011001000000000000000000000000
0101000100110000001000000000000000000000000
0100111111001001100000000000000000000000000
0100111100110000000000000000000000000000000
0101100010101100011000000000000000000000000
0101100111101101111000000000000000000000000
0101011001001011100000000000000000000000000
0101010001010110001000000000000000000000000
0101011010110010001000000000000000000000000
0101101100011000010000000000000000000000000
0100100111011110101000000000000000000000000
0100110010001011100000000000000000000000000
0100001110011100001000000000000000000000000
0100011011000011011000000000000000000000000
0100100110101000000000000000000000000000000
0100000001011100010000000000000000000000000
0101010101111110110000000000000000000000000
0100010010100101000000000000000000000000000
0100010001101000011000000000000000000000000
0100001101111100001000000000000000000000000
0100000011011011010000000000000000000000000
0100110110101001110000000000000000000000000
0101100000001010111000000000000000000000000
0101110000100011011000000000000000000000000
0101101000000111001000000000000000000000000
0101101111100001011000000000000000000000000
0100011111010110110000000000000000000000000
0100100010110110101000000000000000000000000
0101111010101001011000000000000000000000000
0100001000010011010000000000000000000000000
0100110100110011111000000000000000000000000
0100111011011001000000000000000000000000000
0100011010010110010000000000000000000000000
0101001001110010111000000000000000000000000
0101010001011011111000000000000000000000000
0101111101110001110000000000000000000000000
0101011111011111000000000000000000000000000
0100001101110101011000000000000000000000000
0101011010111001000000000000000000000000000
0100010110011110100000000000000000000000000
0101000001111011110000000000000000000000000
0100111011100010010000000000000000000000000
0100100100100111111000000000000000000000000
0100010001101110010000000000000000000000000
0101101001011011100000000000000000000000000
0100110011101100000000000000000000000000000
0101111000110101010000000000000000000000000
0101001100101100110000000000000000000000000
0100110110111101010000000000000000000000000
0100000000011110101000000000000000000000000
0100111010011000100000000000000000000000000
0101011110100001011000000000000000000000000
0100010111100110000000000000000000000000000
0101110111101010010000000000000000000000000
0101111110110101011000000000000000000000000
0100100100100100010000000000000000000000000
0100011001011110011000000000000000000000000
0100011100100100001000000000000000000000000
0100110000001001100000000000000000000000000
0100100110101100100000000000000000000000000
0100011011000110000000000000000000000000000
0100100001001010000000000000000000000000000
0101001100111111111000000000000000000000000
0100110001100111001000000000000000000000000
0100010001001001111000000000000000000000000
0101111010000000011000000000000000000000000
0100011001101111101000000000000000000000000
0101101010001110000000000000000000000000000
0100000001010010100000000000000000000000000
0101010110110110111000000000000000000000000
0100010010111010001000000000000000000000000
0101010101000111011000000000000000000000000
0101110110101001001000000000000000000000000
0100101011011000000000000000000000000000000
0100100111100010010000000000000000000000000
0100000011000010101000000000000000000000000
0100011011001010110000000000000000000000000
0100011010101010111000000000000000000000000
0100001101000111001000000000000000000000000
0100110101010001010000000000000000000000000
0101010011011111001000000000000000000000000
0100110111000110101000000000000000000000000
0100101011111100010000000000000000000000000
0100101001011011101000000000000000000000000
0101000111110011011000000000000000000000000
0101001001110000110000000000000000000000000
0101111001101111101000000000000000000000000
0101001110001100100000000000000000000000000
0101010100111101110000000000000000000000000
0101100001110000100000000000000000000000000
0100000111010101011000000000000000000000000
0101100111100001010000000000000000000000000
0101000111110101010000000000000000000000000
0100011010000110011000000000000000000000000
0101011010010111011000000000000000000000000
0100100011101001000000000000000000000000000
0101110000111000101000000000000000000000000
0101100000010101000000000000000000000000000
0100000001111111100000000000000000000000000
0101000001110010010000000000000000000000000
0101100100110010110000000000000000000000000
0101111101000011010000000000000000000000000
0100101101010111110000000000000000000000000
0101010100101101100000000000000000000000000
0101110000010001001000000000000000000000000
0101010111010101110000000000000000000000000
0101010110111001110000000000000000000000000
0101100011010110000000000000000000000000000
0100011010010111010000000000000000000000000
0101011001100010011000000000000000000000000
0100111010111001111000000000000000000000000
0100101010100000010000000000000000000000000
0100111110010100110000000000000000000000000
0100000001111110110000000000000000000000000
0100100100011011011000000000000000000000000
0101011100011000110000000000000000000000000
0101111000111000100000000000000000000000000
0101000010000101011000000000000000000000000
0101001101000100110000000000000000000000000
0101100101101111111000000000000000000000000
0100000101011110011000000000000000000000000
0100011101001001011000000000000000000000000
0100101010100110001000000000000000000000000
0101010011110111011000000000000000000000000
0100101000111000010000000000000000000000000
0100011101101111101000000000000000000000000
0100011101010100111000000000000000000000000
0101010110000000111000000000000000000000000
0101010111100010111000000000000000000000000
0101011000110111110000000000000000000000000
0101001100100100010000000000000000000000000
0100110011110010000000000000000000000000000
0101011000111001100000000000000000000000000
0100011010100111010000000000000000000000000
0101100111000100001000000000000000000000000
0101101101111100000000000000000000000000000
0101001101110010100000000000000000000000000
0101101101100111100000000000000000000000000
0101011100111111011000000000000000000000000
0101100010001100101000000000000000000000000
0100101000011010111000000000000000000000000
0100101111110000011000000000000000000000000
0101011110101001101000000000000000000000000
0100111000010011101000000000000000000000000
0100101010100011110000000000000000000000000
0101111001001011111000000000000000000000000
0101000110100110100000000000000000000000000
0101001111000001101000000000000000000000000
0101110010001000110000000000000000000000000
0100110100010111010000000000000000000000000
0101010101111001001000000000000000000000000
0101010110011111011000000000000000000000000
0100001011010010110000000000000000000000000
0101010011000111001000000000000000000000000
0100100111011010010000000000000000000000000
0101001011111010001000000000000000000000000
0100101101000000000000000000000000000000000
0100101001011100111000000000000000000000000
0100011111110000010000000000000000000000000
0101110000000111101000000000000000000000000
0101001100000010110000000000000000000000000
0101001000101101100000000000000000000000000
0100111010110101111000000000000000000000000
0100001000001110011000000000000000000000000
0101111101111111010000000000000000000000000
0101100111111010100000000000000000000000000
0100111011000001000000000000000000000000000
0100100110000100101000000000000000000000000
0100001000001110010000000000000000000000000
0100010010010110011000000000000000000000000
0100110000000000111000000000000000000000000
0101011000011001011000000000000000000000000
0100001011000010110000000000000000000000000
0101001001111110110000000000000000000000000
0100001111101010110000000000000000000000000
0101101110100011101000000000000000000000000
0101110011000010001000000000000000000000000
0101111011000001110000000000000000000000000
0100111111001111001000000000000000000000000
0101010110111101111000000000000000000000000
0100110110000001100000000000000000000000000
0100011010011000011000000000000000000000000
0100101010001111100000000000000000000000000
0101110100001110001000000000000000000000000
0101111111000100010000000000000000000000000
0100101110010000101000000000000000000000000
0100101010011101011000000000000000000000000
0101101000101100101000000000000000000000000
0101001010110111111000000000000000000000000
0100101000000100001000000000000000000000000
0101100111111110011000000000000000000000000
0100110111101101000000000000000000000000000
0101100100001100101000000000000000000000000
0101001111011100110000000000000000000000000
0100001110011100011000000000000000000000000
0100110001100100101000000000000000000000000
0100000010000100101000000000000000000000000
0101000010110111110000000000000000000000000
0100001101011011010000000000000000000000000
0101001101110010110000000000000000000000000
0101000100010110110000000000000000000000000
0100111010110101101000000000000000000000000
0100111010111010001000000000000000000000000
0101110100101100110000000000000000000000000
0100011111101011101000000000000000000000000
0101010010101000111000000000000000000000000
0101111111111010100000000000000000000000000
0101101011101101110000000000000000000000000
0100000110111111000000000000000000000000000
0100011101110010101000000000000000000000000
0100110101001110100000000000000000000000000
0101100000011101100000000000000000000000000
0101000111101111010000000000000000000000000
0100011111001000000000000000000000000000000
0100100010010100101000000000000000000000000
0100001101100101010000000000000000000000000
0101100100100010001000000000000000000000000
0100000110001001000000000000000000000000000
0100101101011100110000000000000000000000000
0100000101001100110000000000000000000000000
0100111010000111110000000000000000000000000
0101101001110110100000000000000000000000000
0101110111101100011000000000000000000000000
0100100000101001010000000000000000000000000
0100000001000011100000000000000000000000000
0101011011101110100000000000000000000000000
0101010101100100101000000000000000000000000
0101111101001011000000000000000000000000000
0100011110001010000000000000000000000000000
0101111101011011001000000000000000000000000
0101101001101011100000000000000000000000000
0101111111111000010000000000000000000000000
0101111000011011011000000000000000000000000
0101101110111101010000000000000000000000000
0100000100111000000000000000000000000000000
0101100111111111101000000000000000000000000
0100001000110011011000000000000000000000000
0100000010001000100000000000000000000000000
0101110000110001001000000000000000000000000
0100000010000001111000000000000000000000000
0101111001110000111000000000000000000000000
0100010110001010101000000000000000000000000
0100000000100010100000000000000000000000000
0101000011000110000000000000000000000000000
0101111011111010111000000000000000000000000
0100000000101100101000000000000000000000000
0101000111011111000000000000000000000000000
0100001100110010100000000000000000000000000
0100000011001100001000000000000000000000000
0101000011001101101000000000000000000000000
0100001001110100011000000000000000000000000
0100101000111000100000000000000000000000000
0100001110110111000000000000000000000000000
0100001011010111101000000000000000000000000
0101100011110111011000000000000000000000000
0101000011100111100000000000000000000000000
0100001100110111011000000000000000000000000
0101101100110000100000000000000000000000000
0100101010100100111000000000000000000000000
0101100100010011110000000000000000000000000
0100111110111000010000000000000000000000000
0101000001110100001000000000000000000000000
0100101110101011001000000000000000000000000
0100100000101000010000000000000000000000000
0101010111000000010000000000000000000000000
0101111110001001001000000000000000000000000
0101101110000000101000000000000000000000000
0101101001101011110000000000000000000000000
0101000110011111100000000000000000000000000
0100000001111111110000000000000000000000000
0100010101000000110000000000000000000000000
0101010001000101111000000000000000000000000
0101001000000000110000000000000000000000000
0101000111111101001000000000000000000000000
0101100101110000011000000000000000000000000
0101110100011110110000000000000000000000000
0101101111110011000000000000000000000000000
0100111100001100001000000000000000000000000
0100110101000101001000000000000000000000000
0100010111010000111000000000000000000000000
0100010001010010001000000000000000000000000
0100110100001111001000000000000000000000000
0101011010000001010000000000000000000000000
0101111011101100100000000000000000000000000
0100001110110000001000000000000000000000000
0101101110111011101000000000000000000000000
0101011010111000111000000000000000000000000
0100101010011000001000000000000000000000000
0101100000011111110000000000000000000000000
0100001010100100000000000000000000000000000
0101110100001010111000000000000000000000000
0100101010110111100000000000000000000000000
0100111011010110111000000000000000000000000
0100000001100110010000000000000000000000000
0100110110101001101000000000000000000000000
0100101101011110111000000000000000000000000
0100001101111101000000000000000000000000000
0101000111100100101000000000000000000000000
0100011011111110010000000000000000000000000
0101010100101101000000000000000000000000000
0100000011000010011000000000000000000000000
0101101001101000110000000000000000000000000
0100001111000101010000000000000000000000000
0100100101110011101000000000000000000000000
0101011111110011110000000000000000000000000
0101111100100001001000000000000000000000000
0101001000010111001000000000000000000000000
0101001010110011000000000000000000000000000
0100111010010110011000000000000000000000000
0100000001011111101000000000000000000000000
0101100001100010010000000000000000000000000
0100111101101110100000000000000000000000000
0100001101101010000000000000000000000000000
0100101000100101000000000000000000000000000
0100101001000000011000000000000000000000000
0101111111010010101000000000000000000000000
0100101111011001011000000000000000000000000
0101101001001110110000000000000000000000000
0101010101110011111000000000000000000000000
0101010110100000100000000000000000000000000
0101111001010110010000000000000000000000000
0100011001111110000000000000000000000000000
0100110011010001010000000000000000000000000
0101001010000000101000000000000000000000000
0100100010001000101000000000000000000000000
0101110010110010011000000000000000000000000
0101000110001001001000000000000000000000000
0100000101111111010000000000000000000000000
0100000110001010010000000000000000000000000
0100111101111110000000000000000000000000000
0100100101010111101000000000000000000000000
0101101001111000111000000000000000000000000
0101011110001011101000000000000000000000000
0101011110010010001000000000000000000000000
0100100110010110000000000000000000000000000
0100000011101000010000000000000000000000000
0100010111001111110000000000000000000000000
0100011100001111011000000000000000000000000
0100010001110101101000000000000000000000000
0100010100100011010000000000000000000000000
0100000100011001101000000000000000000000000
0100001100111110010000000000000000000000000
0100000011110110100000000000000000000000000
0100010101000001111000000000000000000000000
0100110011111110101000000000000000000000000
0100000110101101010000000000000000000000000
0100001101011000101000000000000000000000000
0101110001000001111000000000000000000000000
0101110100000110001000000000000000000000000
0100111111001010101000000000000000000000000
0101001110010101101000000000000000000000000
0101101111101010011000000000000000000000000
0101100101101101000000000000000000000000000
0101001111101111111000000000000000000000000
0100100000010011111000000000000000000000000
0100110001000100110000000000000000000000000
0100010010110100011000000000000000000000000
0101111100000100011000000000000000000000000
0101110110011001111000000000000000000000000
0100101110000100010000000000000000000000000
0101101001010010001000000000000000000000000
0101111010001100000000000000000000000000000
0100010110011000011000000000000000000000000
0101000100100110001000000000000000000000000
0101111100100000100000000000000000000000000
0101011000100100100000000000000000000000000
0101010001111110000000000000000000000000000
0100010010010000001000000000000000000000000
0100011001000100000000000000000000000000000
0101100010000000010000000000000000000000000
0100111011110111101000000000000000000000000
0101010110100000111000000000000000000000000
0101110100001101010000000000000000000000000
0101001001100001011000000000000000000000000
0100100011110101110000000000000000000000000
0101001000000111111000000000000000000000000
0101000011010100101000000000000000000000000
0100001001011011101000000000000000000000000
0100010001011111011000000000000000000000000
0101011100101001100000000000000000000000000
0100101100100000101000000000000000000000000
0101010000100001111000000000000000000000000
0100100111000100000000000000000000000000000
0100001011100001101000000000000000000000000
0100110111111101110000000000000000000000000
0101001110000010000000000000000000000000000
0101101110110001101000000000000000000000000
0101100000110111100000000000000000000000000
0100011100110010001000000000000000000000000
0100110001100011111000000000000000000000000
0101101111010001101000000000000000000000000
0101110111000110111000000000000000000000000
0100111100001010010000000000000000000000000
0101010001111100111000000000000000000000000
0100101010001001010000000000000000000000000
0100010100011000100000000000000000000000000
0101011000111111000000000000000000000000000
0101001000101110000000000000000000000000000
0101010000001011000000000000000000000000000
0101111101010100010000000000000000000000000
0100000111101100111000000000000000000000000
0100010000000101101000000000000000000000000
0101100011001110100000000000000000000000000
0101101110000110111000000000000000000000000
0101011010011110111000000000000000000000000
0101100001100001010000000000000000000000000
0101010001000101000000000000000000000000000
0100000011000001100000000000000000000000000
0100111001110001110000000000000000000000000
0100001111111001110000000000000000000000000
0101110000011001101000000000000000000000000
0100000000110110111000000000000000000000000
0100101100011100011000000000000000000000000
0101000110010100011000000000000000000000000
0101100101111000101000000000000000000000000
0100000011111111010000000000000000000000000
0100110101011001001000000000000000000000000
0100111110111110001000000000000000000000000
0101111001010101000000000000000000000000000
0100101001101001011000000000000000000000000
0101101100111101111000000000000000000000000
0101011111011010111000000000000000000000000
0101100101100101110000000000000000000000000
0101000010101011001000000000000000000000000
0101110000011101000000000000000000000000000
0100001111011000100000000000000000000000000
0100110001011110100000000000000000000000000
0101010101011011010000000000000000000000000
0100001110110100110000000000000000000000000
0100101000011000000000000000000000000000000
0100001110001110000000000000000000000000000
0100010010100011101000000000000000000000000
0101001000010100000000000000000000000000000
0101101100110101001000000000000000000000000
0101110100001110111000000000000000000000000
0101000000010101000000000000000000000000000
0100100101111111101000000000000000000000000
0100001011110101000000000000000000000000000
0100010111110100111000000000000000000000000
0100010110000111011000000000000000000000000
0100111111110011110000000000000000000000000
0101011000101010000000000000000000000000000
0100101000011101000000000000000000000000000
0100110010110110001000000000000000000000000
0100011100001010000000000000000000000000000
0100111101110101000000000000000000000000000
0100000001011111110000000000000000000000000
0100001000110000010000000000000000000000000
0101111000000111100000000000000000000000000
0100010010110101001000000000000000000000000
0101000001110111111000000000000000000000000
0100100100011110111000000000000000000000000
0101101111111001110000000000000000000000000
0101000001111001000000000000000000000000000
0101100110111011010000000000000000000000000
0101111010001000001000000000000000000000000
0101100111110010110000000000000000000000000
0101110110101010100000000000000000000000000
0100111010001011000000000000000000000000000
0101101000001011001000000000000000000000000
0100000000011011011000000000000000000000000
0101111001111011010000000000000000000000000
0100101011001100111000000000000000000000000
0100110010101101010000000000000000000000000
0101110011100101011000000000000000000000000
0100101000000100001000000000000000000000000
0100000010100110000000000000000000000000000
0100101110000001011000000000000000000000000
0101000011111000101000000000000000000000000
0100010111000111101000000000000000000000000
0101100101010011111000000000000000000000000
0100101101000011111000000000000000000000000
0100011000110101011000000000000000000000000
0100010111001110101000000000000000000000000
0100000110000010010000000000000000000000000
0101101100101110001000000000000000000000000
0100000111100101100000000000000000000000000
0101000111100100111000000000000000000000000
0101110010111001000000000000000000000000000
0100001010110011010000000000000000000000000
0100111000000000010000000000000000000000000
0100100011000111101000000000000000000000000
0100101111101110001000000000000000000000000
0101101010111100011000000000000000000000000
0100011110000111101000000000000000000000000
0100110001100100000000000000000000000000000
0100111001011000010000000000000000000000000
0101010011011101011000000000000000000000000
0100000010111001101000000000000000000000000
0101001111001010000000000000000000000000000
0101110101011011100000000000000000000000000
0101100010100000101000000000000000000000000
0101100101101110010000000000000000000000000
0101001101000010100000000000000000000000000
0100001100101011100000000000000000000000000
0101011101110110101000000000000000000000000
0101011011101111010000000000000000000000000
0100001000010011000000000000000000000000000
0101010001000010001000000000000000000000000
0101011010100110111000000000000000000000000
0101100100100001110000000000000000000000000
0100001101111010101000000000000000000000000
0100001001000000100000000000000000000000000
0101000101101001111000000000000000000000000
0101011110101010111000000000000000000000000
0101110100110101110000000000000000000000000
0100001100011010001000000000000000000000000
0101111000101110101000000000000000000000000
0101111001110001101000000000000000000000000
0101011111001011000000000000000000000000000
0101111001101110010000000000000000000000000
0100100000111100110000000000000000000000000
0100000100011111101000000000000000000000000
0101001000111011101000000000000000000000000
0100010110110100001000000000000000000000000
0100001111100111100000000000000000000000000
0101011110001101010000000000000000000000000
0100110001110100111000000000000000000000000
0101110100011010100000000000000000000000000
0101011001010101000000000000000000000000000
0100101110111111000000000000000000000000000
0100110001010101101000000000000000000000000
0101110000111011100000000000000000000000000
0101010100000101100000000000000000000000000
0101000111100101001000000000000000000000000
0100111110011010010000000000000000000000000
0100000010111100011000000000000000000000000
0101101100101000010000000000000000000000000
0101011011001011110000000000000000000000000
0100101100101001101000000000000000000000000
0101101101110100001000000000000000000000000
0101110000111001010000000000000000000000000
0101110100011011100000000000000000000000000
0101101001100011000000000000000000000000000
0100001100101100101000000000000000000000000
0100110000101011001000000000000000000000000
0101100111100011101000000000000000000000000
0100011101110001011000000000000000000000000
0100001100110111000000000000000000000000000
0101011011010110011000000000000000000000000
0100100100100101110000000000000000000000000
0101010010001010111000000000000000000000000
0100011011101000011000000000000000000000000
0100100001001010011000000000000000000000000
0100000011011110101000000000000000000000000
0101010111100100100000000000000000000000000
0101011101000111110000000000000000000000000
0101111110011101011000000000000000000000000
0101110010001110010000000000000000000000000
0100100010011110010000000000000000000000000
0100011000111101011000000000000000000000000
0101011100111100101000000000000000000000000
0100001011111101110000000000000000000000000
0100001001110011001000000000000000000000000
0100100111000100101000000000000000000000000
0100101000110101100000000000000000000000000
0101011110101111110000000000000000000000000
0101010100010000101000000000000000000000000
0101001110001000100000000000000000000000000
0101000111001001111000000000000000000000000
0100101011111011011000000000000000000000000
0100010110001100111000000000000000000000000
0101110010001010100000000000000000000000000
0101000101110110100000000000000000000000000
0101011001101101101000000000000000000000000
0101100001010000110000000000000000000000000
0101011011110010011000000000000000000000000
0100100110010100001000000000000000000000000
0100101011000100011000000000000000000000000
0101100011111111010000000000000000000000000
0100100100011011000000000000000000000000000
0100010101110111010000000000000000000000000
0101010101011011011000000000000000000000000
0100000010001100100000000000000000000000000
0100000001001011100000000000000000000000000
0101011010110100101000000000000000000000000
0101100001111110101000000000000000000000000
0101100000110101011000000000000000000000000
0101000010111010010000000000000000000000000
0100011101100101100000000000000000000000000
0100010111111110011000000000000000000000000
0101000101011000010000000000000000000000000
0101110000100100110000000000000000000000000
0100000111011011010000000000000000000000000
0100110010010011100000000000000000000000000
0100101000101111101000000000000000000000000
0100111100101110010000000000000000000000000
0101010010011011010000000000000000000000000
0101001000100001011000000000000000000000000
0101111010101101101000000000000000000000000
0100000011011101000000000000000000000000000
0101000000110010011000000000000000000000000
0100010100011111011000000000000000000000000
0101101100011011010000000000000000000000000
0100001011100110101000000000000000000000000
0100111111111101100000000000000000000000000
0100010110101010101000000000000000000000000
0100010011010110111000000000000000000000000
0101101110011111111000000000000000000000000
0101100101100000011000000000000000000000000
0100111110111100010000000000000000000000000
0100111011111101110000000000000000000000000
0101111100101001111000000000000000000000000
0101010010010011110000000000000000000000000
0101100000010111110000000000000000000000000
0100100000101011111000000000000000000000000
0100111011111110101000000000000000000000000
0101000000001001011000000000000000000000000
0101111110000001100000000000000000000000000
0101001111010111110000000000000000000000000
0101000100010000000000000000000000000000000
0100101111101001101000000000000000000000000
0101101101101110111000000000000000000000000
0100101101010101111000000000000000000000000
0101001110111110001000000000000000000000000
0100010101010111110000000000000000000000000
0101001101111000001000000000000000000000000
0100011001001100010000000000000000000000000
0100010000010010111000000000000000000000000
0101101001010010101000000000000000000000000
0100001110110110101000000000000000000000000
0100110101011111100000000000000000000000000
0100101110110010110000000000000000000000000
0100110110111000001000000000000000000000000
0101110101110111101000000000000000000000000
0101000010001101001000000000000000000000000
0100000100101111101000000000000000000000000
0101101001011010100000000000000000000000000
0100111011110110101000000000000000000000000
0101111100110111010000000000000000000000000
0100100010110111111000000000000000000000000
0100010100000010001000000000000000000000000
0100001111000000001000000000000000000000000
0101010110110110111000000000000000000000000
0101111101000111101000000000000000000000000
0100100110110100000000000000000000000000000
0100111101001011100000000000000000000000000
0101100110100111011000000000000000000000000
0101011101011000000000000000000000000000000
0101010101111011110000000000000000000000000
0100100011111101010000000000000000000000000
0101000010011110010000000000000000000000000
0101001000010000001000000000000000000000000
0101110100010010111000000000000000000000000
0101010101100101000000000000000000000000000
0101111001001001001000000000000000000000000
0100010100101111010000000000000000000000000
0101001110110110110000000000000000000000000
0101110110101010110000000000000000000000000
0100100110010100001000000000000000000000000
0101001101011100111000000000000000000000000
0100000011100010100000000000000000000000000
0101111000010010000000000000000000000000000
0101110100101101010000000000000000000000000
0101001101011011010000000000000000000000000
0100101011111101000000000000000000000000000
0101101111101110101000000000000000000000000
0101011110101001000000000000000000000000000
0100010101110111001000000000000000000000000
0101000100000010010000000000000000000000000
0100110011011000011000000000000000000000000
0101000000100001000000000000000000000000000
0101011111111001110000000000000000000000000
0101011001010000100000000000000000000000000
0100100110001000111000000000000000000000000
0101110010110011110000000000000000000000000
0100001111010110100000000000000000000000000
0101011000111101100000000000000000000000000
0100001111001000110000000000000000000000000
0100011001110110100000000000000000000000000
0100011110110101100000000000000000000000000
0100110111010010001000000000000000000000000
0100100111101101000000000000000000000000000
0100011101001001110000000000000000000000000
0101011010110010011000000000000000000000000
0100010011100000110000000000000000000000000
0101111010011111100000000000000000000000000
0100000100100100100000000000000000000000000
0100101110001001010000000000000000000000000
0100101011111111110000000000000000000000000
0101111101001101011000000000000000000000000
0101000100010101100000000000000000000000000
0101110111010111111000000000000000000000000
0100010101110001000000000000000000000000000
0101100011011001000000000000000000000000000
0101101000000010011000000000000000000000000
0100001100001001010000000000000000000000000
0101101100111010000000000000000000000000000
0100101101000000010000000000000000000000000
0100111010110010110000000000000000000000000
0100100001010111100000000000000000000000000
0100010101010000110000000000000000000000000
0101001011010111011000000000000000000000000
0100000001110010010000000000000000000000000
0101000000101100011000000000000000000000000
0101001010110011001000000000000000000000000
0100100111111101101000000000000000000000000
0101110011001100111000000000000000000000000
0100101111100110111000000000000000000000000
0101100100000000101000000000000000000000000
0101010110110000100000000000000000000000000
0101010001000111010000000000000000000000000
0100101101110100110000000000000000000000000
0100010001011110101000000000000000000000000
0101000000010000000000000000000000000000000
0101011011000011111000000000000000000000000
0101011000011010100000000000000000000000000
0101100011011100010000000000000000000000000
0101110001001110101000000000000000000000000
0100000111011000111000000000000000000000000
0101101111110001101000000000000000000000000
0101100110110100110000000000000000000000000
0101000111111101001000000000000000000000000
0101110001010110011000000000000000000000000
0101000111010111010000000000000000000000000
0100000010000100010000000000000000000000000
0101110110011111101000000000000000000000000
0100011000000100000000000000000000000000000
0100000110000110101000000000000000000000000
0100000000111101110000000000000000000000000
0101101101110101000000000000000000000000000
0100100001110100110000000000000000000000000
0100111010010011111000000000000000000000000
0100010101110001101000000000000000000000000
0100001010010001101000000000000000000000000
0101110000000000111000000000000000000000000
0101000110001101001000000000000000000000000
0100111110010111111000000000000000000000000
0101000000111100100000000000000000000000000
0101100011011010111000000000000000000000000
0101001000101011110000000000000000000000000
0101011100011010000000000000000000000000000
0100101111111010000000000000000000000000000
0100111001111110000000000000000000000000000
0101001010010100111000000000000000000000000
0101111111001000100000000000000000000000000
0101010001001101110000000000000000000000000
0100001000001100011000000000000000000000000
0101011101000100100000000000000000000000000
0101111100100001100000000000000000000000000
0101110010101000101000000000000000000000000
0100100110010111000000000000000000000000000
0101101000110001001000000000000000000000000
0101110100101110111000000000000000000000000
0101100010111010110000000000000000000000000
0101110010100110001000000000000000000000000
0101000010100001001000000000000000000000000
0101101111101101010000000000000000000000000
0101100000110101011000000000000000000000000
0100000100011110100000000000000000000000000
0101100011000110111000000000000000000000000
0100110110100110100000000000000000000000000
0101001110011111000000000000000000000000000
0101101000000001000000000000000000000000000
0101010001100100011000000000000000000000000
0101011000010111011000000000000000000000000
0101010100000111011000000000000000000000000
0101110101010010001000000000000000000000000
0100111101011101010000000000000000000000000
0101101000001000111000000000000000000000000
0101100000111011101000000000000000000000000
0100010000001101101000000000000000000000000
0100100011100101011000000000000000000000000
0100010010001110010000000000000000000000000
0100100100101101100000000000000000000000000
0100110101010101011000000000000000000000000
0100001011110110000000000000000000000000000
0100011001001010100000000000000000000000000
0100001110100000001000000000000000000000000
0100011110010001110000000000000000000000000
0101101110100100010000000000000000000000000
0101111101011111000000000000000000000000000
0101100011011000110000000000000000000000000
0101100001001111101000000000000000000000000
0101100001000101001000000000000000000000000
0101101111001111011000000000000000000000000
0101100001101101100000000000000000000000000
0100011010101100010000000000000000000000000
0101001110000001001000000000000000000000000
0101010000111111000000000000000000000000000
0100011111000110011000000000000000000000000
0101011100111010001000000000000000000000000
0100001010110111011000000000000000000000000
0101010000001101011000000000000000000000000
0101110000011101000000000000000000000000000
0101011000100000100000000000000000000000000
0101001001111110011000000000000000000000000
0100011000100011001000000000000000000000000
0100111110111100001000000000000000000000000
0100110000110110110000000000000000000000000
0100100000111001011000000000000000000000000
0101001101110101100000000000000000000000000
0100100110100100111000000000000000000000000
0101011101100001100000000000000000000000000
0100111100110100101000000000000000000000000
0101101100101101110000000000000000000000000
0100111111100111011000000000000000000000000
0101100000111010100000000000000000000000000
0101110011100001010000000000000000000000000
0100100000010000110000000000000000000000000
0100011111110011001000000000000000000000000
0101101101010000010000000000000000000000000
0101101101101110110000000000000000000000000
0100000000011111111000000000000000000000000
0100101001100110100000000000000000000000000
0100110100100011100000000000000000000000000
0100101000000111101000000000000000000000000
0100101000110111001000000000000000000000000
0101100101001100010000000000000000000000000
0101100001010001101000000000000000000000000
0100010110101101001000000000000000000000000
0100010000100111110000000000000000000000000
0100101110111000110000000000000000000000000
0101010100111010101000000000000000000000000
0100000011101110010000000000000000000000000
0100010111001000001000000000000000000000000
0101101101001000101000000000000000000000000
0100010010001001000000000000000000000000000
0100011000111111010000000000000000000000000
0101101101001000101000000000000000000000000
0101010110111011111000000000000000000000000
0101111000000000010000000000000000000000000
0101001101111101001000000000000000000000000
0100100101111110011000000000000000000000000
0101001110011101000000000000000000000000000
0101000001111110110000000000000000000000000
0101110111000100010000000000000000000000000
0101010111101011101000000000000000000000000
0101000110111001010000000000000000000000000
0100001011010100111000000000000000000000000
0101101001101000000000000000000000000000000
0100101000110001111000000000000000000000000
0101100001111110100000000000000000000000000
0100011101000100111000000000000000000000000
0100000010000001011000000000000000000000000
0101110111101101100000000000000000000000000
0101100011001010101000000000000000000000000
0101011110000100001000000000000000000000000
0101110000011011100000000000000000000000000
0101101011010111111000000000000000000000000
0100010110011010000000000000000000000000000
0100011111011101110000000000000000000000000
0100100110000100111000000000000000000000000
0101011101001110001000000000000000000000000
0101001001010110011000000000000000000000000
0100001010001001001000000000000000000000000
0101000100000100100000000000000000000000000
0101011100111000000000000000000000000000000
0100111111000110001000000000000000000000000
0100000111010001111000000000000000000000000
0101100111010000000000000000000000000000000
0101111001101011001000000000000000000000000
0100001100010111101000000000000000000000000
0101010001100011100000000000000000000000000
0101011000010011010000000000000000000000000
0100100010000100001000000000000000000000000
0100000000000000000000000000000000000000000
0000000000000000000000000000001001100010000